4 5
0.000000 0.000000
0.000000 0.000000
1.925391 2.000000
3.022656 0.000000
3.815626 0.497739
5.993750 -0.018435
6.434766 0.000000
7.517574 0.884870
8.056253 1.142956
10.602736 0.000000
11.927736 0.000000
16.316797 0.000000
16.757812 0.000000
16.757812 0.000000
19.490627 -0.018435
19.979298 0.000000
0.000000 0.000000
1.000000 0.018435
2.235937 0.294957
3.235937 0.294957
4.235936 0.294957
5.662500 -0.258087
6.662500 -0.258087
7.662500 -0.258087
8.766015 0.000000
9.766015 0.000000
11.842576 0.239651
13.428196 0.041853
14.964848 0.000000
15.573952 -0.027622
15.993479 0.000000
20.000000 0.000000
0.000000 0.000000
0.834374 0.829565
1.213281 0.792696
2.213281 0.018435
3.213287 0.018435
2.937891 0.000000
4.269146 0.000000
4.269146 0.000000
7.399609 -0.368696
9.000000 0.000000
11.821875 0.000000
16.332659 0.000000
16.918596 0.000000
17.961855 -0.179544
18.815083 0.027622
20.000000 0.000000
0.000000 0.000000
1.000000 0.000000
3.180078 1.511652
3.310547 0.036870
4.614847 0.018435
3.958596 -0.571478
4.641799 -1.364174
5.786721 0.331826
8.865236 0.000000
9.865236 0.000000
10.281640 0.000000
16.096384 0.000000
17.442087 0.000000
17.659430 0.000000
20.000000 1.013913
20.000000 0.000000
